JB 0945 1056 1135
UN 2103 2215 2330
AA 0320 0450 0535
AM 2123 2245 2330
DT 1120 1235 1320
FR 0335 0450 0540
SW 2030 2145 2223
JB 0830 0950 1023
UN 1305 1420 1530
AA 1803 1935 2012
AM 0112 0235 0350
DT 1523 1645 1755
FR 0705 0820 0930
SW 2003 2130 2245
JB 0945 1103 1212
UN 2045 2156 2235
AA 0812 0945 1012
AM 1420 1545 1623
DT 1010 1130 1245
FR 2223 2330 2359
SW 0310 0423 0535
JB 1545 1656 1735
UN 0830 0955 1023
AA 1323 1445 1550
AM 1956 2110 2230
DT 0410 0523 0630
FR 1745 1835 1950
SW 0912 1030 1140
JB 2130 2245 2330
UN 0135 0250 0330
AA 1110 1230 1345
AM 2223 2345 2359
DT 0710 0832 0940
FR 1405 1523 1630
SW 0212 0330 0450
JB 1245 1356 1423
UN 2045 2150 2235

